$28,284,790
49,772,236.70
21,860,223.81
33,405,386.46
$10,157,977
$94,965,304.1
93,732,952
$7862715
$6299936.51
$7595433.71
49,265
77,870,930.35
$2667504
2426353
$10,927,991
nan
$75,159,466
$42,310,004.75
53,365,945
$5224016
nan
$75,383,227
2,360,502
$74,376,367
$60,827,421
nan
5802859
$5890918
88,917,945
5969078
50,442,377
$8,450,934
71,747,493
$55,918,856.9
$22,673,549
$34,679,965
$8790972
$56,283,006
$44,885,556
$78,033,933.30
$8150502
$1721749.20
$3516835
45,141,608
6,971,430.5
67,296,491
$35,134,212.5
3193105
$80,637,066
$1764251
$4907783.90
$88,213,660.30
$6852813
$56,242,514
$21,398,474
$60,586,060
$9,305,006
60,559,432
$78,960,016.5
$92,539,658
$34,627,353
37,623,977
$6,625,602
$3332454
$98,237,382
$74,126,254.17
79,679,621
96,563,711.29
nan
$82,946,293.36
1,833,409
3304703
$6469867.41
nan
$2621545
25,844,363.56
$2205635
$61,493,143.58
51,389,373
$4904252.57
$9412782
44,436,575.84
$11,038,290
$4040273
$30,199,260.25
$65,801,696.45
$32,686,522
$4217653
$9034183
73,258,737
$99,947,524
$6774372.9
$60,080,707
$6298221.9
$4997269
$55,939,516
13,960,455.66
nan
$6777809
6286136
$61,330,529.44
$62,120,016
$5299469
25,374,926.96
$5726041
$1671990.74
$16,917,365
$280942.32
236812
$9155243
8,216,427
$2615832
64,864,482
$8388335.89
3391823.68
$42,761,162.58
$32,388,064.39
$45,510,740
89,389,517.89
$83,257,905
$60,285,958
$49,805,770
33,456,474
$9,260,039.52
$8,811,787
$66,674,699
$49,600,166
$10,734,032.33
nan
$65,966,375.45
$40,099,379
$2568488.27
$8788636
7211769
$55,406,278
nan
44,710,538.79
$44,536,790
nan
$21,278,484
$6207135.18
6860382
$2227256.48
7779843.51
68,253,769
98,144,830
$8442493
$92,639,105.98
$42,040,561.1
8410941
$68,556,438
$55,829,621
4189792.9
$35,063,396
5662380
67,259,166
$79,957,239
$40,432,415
nan
$2672639
nan
6630387
$7490359.91
3057133
69,971,607
$83,999,070
$79,196,431
$40,105,286.83
$21,572,662
61,124,874
$167,982
1,586,586
$9768930
$45,045,428
nan
nan
$90,967,795.13
$4316735.60
$4956056.41
9153983
$57,248,085.38
nan
$30,103,472.60
$358458
$37,680,144.95
$76,172,296
13,891,053
$17,381,049
$3365293.67
$4753897.83
1416971
$60,735,522
$10,245,343
$5485357
$6742563
$12,190,983.0
6095385
38,464,449
$54,539,132
$28,631,879
39,254,048
$7088942
$5288863
$36,267,422
$6202082
78,283,625
55954
$4601640
$52,726,210.11
32,019,344.56
$94,308,958
nan
nan
$63,863,443
10,336,081.92
$5,279,683.81
46,187,755
99,650,659
45,154,887
8616404.20
$94,966,264
$847578
$1,747,252.41
$9420184
13,481,340
70,149,510
$32,023,069
$8,672,825
$10,761,485
$8693388
nan
81,747,244
$77,024,031
$82,861,465.88
nan
$3556589
nan
nan
$2445388
67,697,803
93,239,816
68,802,057.51
428,870.72
$9010070
64,849,804
nan
92,221,770
$90,097,560
nan
572441
$1252511.83
$9,273,409
$3575273
47,767,983.40
60,131,577
$97,155,509.43
7998898
$4462700.57
$90,254,964
nan
72,700,378
4398740.36
55,696,013
$35,068,294
$4,553,433.55
4,109,935.19
75,299,374
56,180,898
$3745269.8
30,193,661.27
$93,717,880
23,594,716.1
38,815,415
$36,396,216.39
39,356,666
$13,111,287.47
nan
$2566183
$6,918,069.90
$22,526,422
$24,103,174
8,980,069.77
$9574110.73
$98,785,569
88,736,939
$87,515,445
$96,607,028
$3060630
$80,178,660.59
4157337
71,053,028
nan
$260361.41
nan
11,565,333.12
$6032987
$14,404,857.51
$21,631,445
6718262
$4680529
58,988,022
9820073.36
$30,583,574
5314518.94
nan
$47,154,520
$56,714,296
$9998678.99
68,268,033
$55,659,994.10
$3361898.88
nan
5993943
$9112489
21,961,177.78
$88,783,571.22
34,142,060.5
$66,553,285
$5605360.89
$2234128
$76,073,143
50,840,263
$90,007,772
1,891,457
7404568
71,340,544
$24,249,234
$9596793
$38,763,415.45
$12,738,125
nan
$1,133,394
$76,857,403
nan
$20,597,896
559728.82
15,466,938
13,096,867
$40,758,290
23,445,858
20,536,712
$8,382,517
$79,859,556
4089703
927373
$4189702
1535884.89
39,868,734.64
46,732,447.99
91,712,160
$5600264
274358.22
72,546,285.44
nan
nan
$31,579,164.98
$59,965,808
19,519,379.12
$85,833,543.58
1693468.38
$26,835,510
$45,779,936
nan
nan
$97,964,141
$61,364,373.74
61,731,679.7
nan
$2088438
$2643031.55
$76,175,564.96
nan
$8715231.41
7297864
6360914
$50,275,017.71
$1209408.12
$6102419
$92,887,735
$18,503,131.60
$60,129,181
8021782.34
$32,931,059
61,276,852
12,742,186
nan
$7068169
nan
$2988160.29
37,441,992
$6,975,360
$4916279
$88,875,457.67
$6150830
1,348,597
$68,750,671
$74,145,088.45
$88,650,206
$9,050,685.41
$92,843,756
$7228043.5
$18,746,505
nan
13,620,682.88
55,044,052.35
5426476
$3,836,540.18
$59,294,907.93
$7,447,330.23
$11,709,114.87
nan
$56,946,312
50,905,057
$8317125.57
nan
$4698691
699576.24
$8121262.43
6863792.29
$75,888,356.62
9446500
$16,284,323.6
$32,771,682.90
5111673.57
nan
8128969
$47,240,556.48
nan
$4908286
35,229,212
$76,144,940
50,299,705
nan
21,244,200
4470949
$5459849.23
nan
nan
$8430660.39
$2991622.17
$26,430,213.71
60,122,827
$81,462,638
nan
701483
$59,159,697
$44,963,468
$67,884,091.75
$43,305,007.52
5160163
$89,210,811
$40,054,139.57
55,235,212
$19,483,517.42
nan
$14,718,737
$84,600,123.67
3541412
$57,518,982.9
65,131,441.82
$9426450
$26,851,029
59,701,869.41
876727
1807875
7963045
19,553,496
$9404574
nan
nan
nan
$36,450,003
nan
23,822,080
84,301,604.12
40,418,986.37
79,166,721
$7279102
64,578,447.22
$45,943,365
$33,378,166.11
$7694957.86
nan
3,396,705
94,792,802
$7302484.25
$9806351.55
$1069005.100
$47,376,869.29
96,996,934
55,380,262
$1,774,566
$8060992
nan
60,310,156.96
nan
3256940.30
$74,632,786
$6,937,775
$61,858,292
76,857,757.89
$48,943,273
$11,233,898.95
$88,776,046
9,067,825.1
$86,195,055.54
93,202,638.22
$88,355,033.64
$630600.81
$50,334,603
$8034829
$36,754,996
70,976,187.22
63,553,831
68,541,863
$548161.30
$70,154,101.60
$90,583,346.28
$41,257,264.34
43,025,184.19
49,074,919
nan
$8710020
$9864543
79,799,615.36
80,064,210.26
nan
$15,750,238
$908460
$27,355,018.4
76,972,934
$26,300,378.91
$1623528
$8788548
$95,762,786
$16,954,762
$10,405,576
$7485583.45
nan
nan
67,608,002.41
$91,886,251
$98,343,041.97
$44,098,486
$5680196.100
nan
39,926,965.58
$49,871,860.81
$60,220,888
$8607511
40,293,128
87,312,220
$94,663,534.73
32,809,661
10,263,439
$3704498
$93,677,034.32
5157832.48
84,588,278
79,632,205.18
nan
54,769,651
79,790,654
70,798,187
49,064,406.76
3620033
28,338,934
5,872,980
8057189
$19,886,067
$55,177,133
$17,692,880
1,155,964
$7,058,054
$41,585,746
3236861.77
$4903655
21,270,504
$33,934,329
$7,366,339
2567048
$4924589
61,362,619
$61992
$32,318,185
$2226582
90,662,677
71,962,439
$47,127,137
8189220
$21,797,223
8892061
$90,456,660
$24,190,256.13
65,880,646
$26,147,964.77
nan
34,852,892.31
$1196175
$61,609,419
nan
$70,175,670
7979638
$27,512,746.51
$66,284,656
82,290,467
$1097496.3
88,835,232
$20,534,454
$92,811,678
$9,954,045.95
$27,449,828
$700,686.32
5786309.58
49,746,101
nan
20,391,066.50
$9030672.33
$53,919,104.74
$4278476.9
3671705
$7139602.20
48,204,608
$79021
8968294
nan
$17,534,106
$40,872,518.12
$75,170,920
24,413,247.89
$91,679,627
$21,733,035
$78,121,691.76
18,371,326.51
$77,506,576
$92,779,690.9
$73,546,936
87,182,986
1419765.2
$5167511.69
$8502979
nan
41,285,201
$1503604
$42,903,920
1089234
$32,577,328.17
11,822,727
1729458.43
$93,173,269
31,207,898
8956356.41
$4,668,395
$47,287,435
nan
4845108
$9612476
9282182
11,004,554
19,425,556
4108258
$596752
1525764
$13,464,137
$60,076,930.6
81,243,658.88
nan
$73,859,051
$3264368
26,410,718.92
$37,760,103
nan
$2841024
$91,783,281
4966081.11
$61,425,455
2588684
71,482,791.9
$24,138,372.65
$22,660,357
$13,880,204
3068120
2909811.3
76,874,889.34
$878567
3755982
$8062714
$88,704,132
55,075,440
$4835332.69
$68,925,652
44,887,377
$10,098,199.97
$72,603,342
$5,080,461.6
91,432,607.44
$7,106,634
nan
nan
$3735647
20,731,976.74
nan
$55,404,682
$51,917,251
21,968,008
$68,550,131
nan
$5848516
$69,467,338
nan
917541
11,705,168
51,198,660.45
$8968064.37
$76,984,283
$70,177,918
7382674
$9512765
$3969890.79
$7154587.56
$35,390,646
$7,475,411
$77,692,001
38,794,835
$1775024
nan
$59,602,367.16
18,761,304.7
$8489956
$61,157,113
38,237,841
nan
73,614,301
3526062
$34,466,419.52
$8452109.51
$88,580,655
$21,854,203.91
8,142,163
41,792,704
$1,227,349.96
53,443,156
61,138,896.81
1873987
18,414,848
4,100,497
$12,759,954
$49,098,780
4224577
29,458,737.36
$17,445,808
$2381220
$54,608,975
$91,854,304.76
nan
$72,847,463.41
$5422152
$59,068,878.78
2669125.63
$3446554
nan
75,309,154.64
$91,549,248.15
$2,801,636
3,769,848.79
94,102,839
26,239,869
7400719
22,294,193
$95,243,034
$2419573
69,840,150.81
$461,474
6489842.90
$9275092
$47,014,165.35
9312353
$4144246
$7893896.7
$62,636,455.71
9,596,855.49
4547584
$6041724
$7900242
$89,251,053
2838440
$76,645,564
$72,377,043.94
10,973,297
$69,875,116.98
$55,929,260
17,572,032.99
78,105,290
$4854498.31
$26,740,013
$80,962,524.83
$8392022.95
$57,528,935
nan
$896096
$4,064,661.84
$7153136
nan
$37,187,190.11
3239881
$21,343,973
$86,485,505.82
7,979,608
6108823.41
$6947947.94
nan
173024.15
$25582.48
$76,868,929
$11,780,060
$85,231,476
60,343,306
nan
24,901,793.56
$9,296,343
$20,762,170
$84,947,524
$65,256,561
$3313512.92
75,608,377
$1574934
7965979
69,568,248
nan
51,863,728
89,514,461.4
$69,095,293.56
95,149,733
$48,037,077
$9683973
14,823,563
$5080129
$63,170,176
$48,481,630
nan
61,146,922
$71,994,691
33,092,321
$12,704,456.1
$73,417,970
$79,076,702
5657642
$33,509,189
$54,330,188
nan
$71,360,034
51,626,821
8073559
$50,046,172
81,303,515.39
16,434,616
$7910321
260,454.25
nan
$99,673,437
58,812,198.71
$65,319,131
nan
77,104,646
$94,803,075
529594
$97,529,317.57
$54,932,767
88,418,656
$27,147,656.60
$11,816,680.15
53,540,310.25
6105120
$90,062,769.74
4877524
$18,421,866
$76,601,043
$96,792,397
878,801
3800061
$89,844,137
$42,025,483.74
$1,749,678
$24,819,494
1178078
$81,490,429.39
$96,194,919.4
nan
$72,831,866
$7606951
$2640598
nan
89,222,525
5156389.10
$6878143.47
75,508,544
$18,601,132.5
$96585
38,591,829
$67,589,544
nan
$693285
$58,832,680
290685.26
96,531,527.54
38,907,148.62
46,901,895
$13,148,082.28
$14,783,803.7
3671324
83,959,414.57
$3778714.1
4002927
$6644759.19
28,639,428
64,548,085
$220,049
$50,742,236
$7133705
68,503,120.70
7845360.74
$26,267,348
77,124,420.75
$1316405.58
nan
$73,068,452.74
2214021
80,012,431
$86,295,726
nan
$71,906,050
$99,191,138
$6945032.87
$1884991
9242208
25,180,137
16,752,634
46,506,337
$65,821,002
91,266,627
nan
64,645,364
nan
$4751576.66
7749412.52
$872643
$91,316,735.37
$9695994
4,749,822.55
39,907,001
2389714
$58,134,668.60
35,582,782
$20,334,308.100
37,872,983
37,033,868
$10,148,502
49,812,949
$99,467,615
$84,103,371
nan
$81,002,370
12,107,311
$23,041,137.19
$61,116,743
20,516,039.95
nan
99,766,243
nan
44,860,264
$6,269,526.29
nan
15,555,980
$20,078,406
nan
nan
$95,316,804
34,000,869.20
1143811
$48,158,560.67
3,314,540.27
$6150761
$3864200.45
6,065,467
$3902797
$2661194
$56,160,365.9
$893220.71
$79,619,602
$68,662,937
$56,634,349.35
$7,950,411.71
$94,709,724
3,608,570
$14,412,779
91,404,681
$17,407,035
$447497
7132085
$53,006,831.51
