$9,793,733.2
$1748335
$85,793,644.34
nan
819411.97
39,587,536
89,302,975
$6,706,785
$36,796,865
$84,591,087
$32,450,334.4
$46,404,854.48
$91,231,787
248815
$5392381.26
nan
$71,053,428.12
11,364,727
$66,687,840.1
9,647,445.43
nan
8828896.11
$18,619,447
46,490,612
3882722
247971.10
$93,026,939
$82,560,096.99
4972058.3
$8587550
$7819089.93
nan
$20,534,175
524,369
$50,249,872.13
$83,115,375
84,491,752
$86,664,862
$86,568,471
$81,890,471.7
$3179932
64,329,136.82
$43,535,340
nan
74,200,087
84,767,104
$41,019,230.4
$78,945,430
91,188,021
6943181.36
nan
$55,328,503
$12,477,692
$72,013,514.36
$51,937,442.72
45,926,898
$62,777,684.29
$6,465,508
6427904
283917
4,489,231
$46,727,454.35
$7646325
$4377607.80
7338561
nan
$8349048
68,433,080
$97,448,368
44,861,073
$41,085,550
20,857,892.52
$8555143
$8194634
$70,771,988
1539807
31,559,430
$2916791.89
$95,599,697
$720546
$8660897.19
$71,331,849.33
$6162084
32,633,556
84,618,535
19,739,591
8273200
$38,972,484.84
94,341,804
$6698357
$46,974,853.57
$70,170,587
1662877
22,170,869
$2513244
$4,059,766.83
$6,150,369
$21,540,523.10
nan
nan
2733174
7296578.85
$75,145,884
965482
$5831725
$74,993,320
$8826775.75
1963788
292,803
nan
26,126,542
8153129.46
75,902,254
98,258,022.35
nan
nan
$2,955,765
2,948,216
2824489.42
4198313.2
46,915,531
$41,386,539.70
5057925
$55,663,174.12
58,800,849.32
6,853,311.74
4648057
$65,441,164
$73,212,871.64
$5353977
$8197851
$355356
795,290.98
$75,014,290
$88,060,790
$3586448
$25,035,736.29
$55,739,525.54
$65,552,653.74
$31,396,150
$7262987
2,332,446.25
77,094,322
1741594
$3232255.16
9162421
5978731.4
$94,352,683
$29,293,596
$1518938.79
2413217
1581382
nan
$92,048,554
$98,846,900.64
$9967879
61,350,642
90,346,121.81
$8,438,434
$6407381
$8534859
$69,049,220.9
$2732100
$40,898,850.65
nan
$94,826,786.85
$7,174,071.89
$81,962,239.91
1659033.99
35,638,849
23,877,324
79,370,834
$44,902,811
5482754.74
$3200213
$68,638,436
2058825
$4035539
$65,600,141
20,375,343
nan
nan
$64,373,435.86
$6873378
40,521,214.16
897850
nan
3083873
$96,008,310
5853150.53
$52,090,209
$78,100,998
$82,918,492
97,980,533.77
$27,826,827
$2905241
73,907,678
$3921701
$8466914
473,380
$7854955.70
$64,497,344
$6880311.19
$71,787,936
3706533
$91,880,147.19
nan
$93,801,958
3326818
nan
$80,736,509.15
8902756
20,104,377.63
462143.58
78,539,000
17,434,555
29,670,828
35,853,991.22
$8240599
$6,914,358
27,112,634.70
32,816,559
nan
38,237,552
$37,924,672.93
7198463
69,329,474
$507,596
79,761,716
21,247,276
$9997715
$2415995
$55,814,249.60
$3,362,082
7863184.34
$89,241,991
$81,493,587
44,229,427
$24,903,479
$38,525,079
$4517219
9968780.45
8888735
4328944.62
$3760330.38
4,245,601
$81,223,107.83
$72,057,739.9
79,796,722
$2902852
$21,159,975
65,721,241.8
$15,436,683
$13,097,264
24,261,280
$7172992
$71,099,984
$5728096
$3893995
$75,527,885.0
$7895081
$5,713,503.99
2983328
641,791
$8824782.21
$33,731,893
$74,485,722
nan
2,875,305
43,328,422
nan
nan
$1295693.10
19,082,895
$8051606.59
54,593,510
$59,726,016
$2498712
8255465
nan
7651118.34
$38,514,091.97
$7,607,086
$30,766,112.8
48,699,439.84
29,789,603.21
$3866992
$46,109,882.34
$87,604,255
$28,034,705
$41,822,919
$34,625,264
nan
83,727,709
$5,484,835.5
$75,472,927
3146880
56,380,306.48
45,647,223
$45,129,197.59
nan
$185,048
47,627,082.51
6585707.95
49,378,621
$8190494
$53,298,985
49,672,108.2
76,415,174
nan
86,954,383.79
$93,273,592
$24908
$4326896
4441788
$28,751,220
$27,980,399
94,001,523
$94,605,594.19
nan
$44,667,868
$4580145
63,148,876.6
7943343.55
9552522
44,523,757
6152166
$93,184,138.1
1799345
$92,248,186
$5533715
$75,566,095
$8633824.64
$528752
27,339,292
$92,993,740.38
nan
$14,843,596.95
nan
$6136148
$83,001,789
90,702,964
$58,110,321
$8,625,069
98,775,194.80
6172320
$4451066
$48,831,651.5
47,073,965
29,702,128
$92,038,489
$19,383,780.76
18,858,318.26
nan
nan
$3827043.90
5,436,920
$564,121.95
$9094628
$50,207,127
$16,431,707
$44,834,228
526,949
98,968,793
$50,164,804.80
$34,624,588
$71,260,215
nan
1970616
$12,347,124.59
5026410
$42,753,319.86
2243349.28
$85,585,660
70,102,266
$98,763,290
$3,584,134
87,579,862.61
$70,099,168
$7542492
78,570,957
$17,264,438
9639938
$47,304,097.71
73,754,748.81
$43,436,947.17
$70,543,028
37,840,353
$15,338,815.94
699398
$9109311
$85,942,168.81
$67,748,753
$89,862,907
13,654,898
68,243,486
$49,307,709
$8,746,998
$30,328,957
nan
47,739,444
$88,755,685.69
nan
$36,859,506.69
nan
$4081815.53
13,588,099
45,563,416
$76,054,399
80,467,028
5931910
$76,219,941
$20,549,053
$4461676
8410521
$74,381,850
$5903971
7328470.1
$30,752,826
nan
$1108408
1389015
462601
$27,700,405.93
90,107,705
10,263,807
7792000
44,746,581
42,400,667
$91,351,592
5166203
$8234028.92
$55,750,870.83
16,942,074
5,423,517
nan
4686660
32,597,293
26,728,320
$71,786,596.14
$518205
$68,554,697.71
6587600
$32,817,845
nan
$29,302,225
$7437389.94
nan
$21,125,551
$76,964,270.16
83,366,394
$8989005
nan
$38,185,471.58
$1843620
$6,593,062.83
6883468
7232401.29
59,640,046
$77,427,792
34,632,838.91
$47,028,344.84
$9,270,963
60,345,803
$25,308,887
57,618,288
37,751,593
3516238
$3648007.33
81,698,562.32
$90,688,982.11
22,101,528
$82,508,097
2465301.38
29,652,793.4
nan
nan
5924254
nan
$80,590,942
$2646518.37
$55,921,258
$10,807,125
$1357493
nan
$3,112,558.28
2413154
71,165,742.40
$42,453,314
5594173.96
$50,206,691
$6738798
$3,606,619
32,862,362
21,512,452.89
$75,781,083
47,168,076.70
8651202
nan
$93,388,616.42
70,362,840.38
58,876,186.26
$94,345,579
7303857.72
$46,940,333.32
nan
173867.10
1009066.47
$61,142,946
$7,336,838
nan
$12,749,730
6528924
$8329125
$9,926,245.3
$5154348.94
$92,666,899.24
$75,579,311.26
$59,213,602
$933051
$83,112,398
$638928.52
$3709964
5,285,477
53,707,449
$48,086,514.60
$79,941,876
$5012045
$54,750,861
83,955,312
8772670
$49,081,348
48,683,073.18
$1,393,571.22
661590.71
8298897
$10,792,313.63
$21,703,876
nan
nan
37,283,680
$93,383,404.18
97,277,582
$83,359,488.84
nan
790941
80,148,143.92
$74,788,791
$5678242.94
3281532
66,722,542
7689481
$6805013
$1704835
$19,181,003
$52,917,495
$6189433
16,698,989.26
$2,210,553
$52,933,450.36
9,436,546
19,833,055
56,814,981
$7370344
$3655438.62
nan
$9,102,248
84,452,534.67
48,756,597.52
$8806499
7508420
nan
$62,622,662.62
$92,194,230
$87,485,758.92
$94,557,284.29
$5993844
$63,644,413.25
nan
$9498170
$25,423,009
147121
$58,700,654
$7128157
$6695266
$76,211,092.36
93,026,248
$1163008
9310814
$92,011,249.44
$3346679
9,470,844.44
$4817778.77
$40,220,100
21,220,048
8132798.81
61,769,781.73
$33,318,233.22
$2040077
9,968,625
$610,889
$76,112,960
$9132976
97,785,241
$57,940,348
$423668
7248858
46,790,794.66
$47,155,923
$88,262,833
87,928,375
89,895,762.23
$94,217,853
$96,237,333
$43,640,913.13
nan
$16,447,850
$7,268,645
50,474,141
$14,304,575
7901615.40
47,772,770.70
29,088,343
$8125988
$99,549,812.70
$3876425
4627997
$7113917
$48,078,834
$71,148,127.10
71,378,062.11
$19,433,176.14
nan
$3075337.23
80,943,682
$12,969,076.83
$62,014,902.85
$40,741,112.59
nan
$59,949,045
61,919,942.69
nan
$4,377,509
38,318,570
49,916,320
1819248.42
$9971832
10,469,805.48
77,080,892.17
$31,715,538
$28,588,151
90,966,510
17,003,400.42
$2154373
$77,865,868
nan
47,812,564
$6180664.31
$93,639,103
$9525112.38
$6037268
$14,816,556
$3417927.13
$4613292
$3188253
261,679.10
7523716
1675464.67
$16,508,467
97,352,694
75,302,799.46
8262712.33
44,584,314
75,325,638
73,797,372
$37,424,504
$3832211
7220027.19
27,910,884
$7,137,793.12
41,769,579.32
5236600
$83,123,584.7
8977474
1718425
81,099,551
$59,136,299.77
$8411393.59
$1,396,334
45,460,204.36
nan
$96,338,463
$7558510
20,902,823.95
684851
$26,705,485
$19,105,846
853839.72
57,138,752.42
$4630250
$4711679
$6888859
$27,243,037.8
5,965,755
$9795846.2
$5977706
$6509721
35,082,271.35
$972733.90
1519728.2
80,012,370.53
87,395,198
nan
$5649751
464,265
$11,380,487.55
$1147927
$61,488,092
9832904.64
27,953,672.68
61,203,859
$85,818,523.8
29,747,287
6301825.36
32,403,479.70
$14,467,435.38
nan
$56,964,597
$4007771.39
$64,910,116
45,336,468
44,333,571.64
$7727639
94,296,005
5404510.10
$94,797,075
$8581680
$50,765,068.54
$6837247
55,138,153
$34,897,867
7136251
10,157,320.75
$34,896,402
$3734794
$65,288,381.51
nan
72,709,584.46
$7832276
nan
$65,113,586
$60,972,636
$36,850,985
69,013,573
$1399949.75
$8413594
2061072.63
$33,104,692
$5,797,061
nan
$9,442,774
$5463143
nan
3560655
93,413,431.3
$36,903,024
7,453,976
$6045204
nan
$3889484.8
46,782,720
95,187,896
1633201
$6591174.27
nan
82,901,510
4375716
$37,495,924
$17,117,440
$80,387,987.43
91,223,205
7399561
nan
$94,424,629
$29,555,650
$41,057,931
91,755,757.10
$95,325,970
$28,977,181
$37,945,459
$1647876
$2320182
6204962
692429
nan
nan
nan
14,988,789
$9,059,318.51
$6141192
$12,318,043
$72,673,560
3421603
1889431
61,984,041.35
nan
$28,720,288
$29,401,075.80
$28,638,282.66
3075695.93
$794040.92
$63409.50
56,220,208
$7893957.52
$81,716,293.89
$78,153,118.86
$35,529,015
$32,333,557.45
$2417099
$4617562.76
$56,819,153.19
nan
$20,123,888.43
28,920,030
7079648.3
nan
$4603974
4699728
$22,691,029
$4206822
3,320,999
$84,699,292.72
13,813,406.9
$3852241.39
nan
$90,969,358
$30,771,590
39,882,039
nan
$782063
12,535,840.91
$5777910.36
$20227.69
3,547,913.98
nan
85,734,109
$6,623,134
nan
$1555074
$22,683,540
$94,981,483
87,762,712
$35,256,861.87
$4396467
$3,138,355
$7,633,716
$1538123
nan
85,969,419.22
$25,622,933
44,120,934
$52,748,459.0
$5509111.21
$81,260,627
$79,693,160
9787650
$20,898,042
$38,602,693
$61,623,824.80
94,359,655.68
$43,663,449
$45,370,197
$93,739,293.80
$22,010,150
nan
89,311,234.35
$75,102,842.13
$94,934,690
$21,344,561
$81,542,174
$73,473,605
$82,358,798
25,685,997.27
$7,065,799
29,299,827
22,848,556
95,915,456
$54,087,651
$78,806,703
$28,440,246.73
nan
9,734,850.8
15,509,165.4
99,082,442.57
$93,951,457.76
51,855,537
$53,558,572.49
$10,406,672
$18,914,641
$72,735,649.10
$87,766,324.29
$83,230,496.73
$9097855
$1922569
$35,779,606
38,050,091.95
$5786419
$1921768.59
$87,059,259
$4668681
99,221,948
$98,897,024
9,451,371
$24,881,596.80
nan
49,637,884.0
$75,359,184
$5177439.83
$5733076
$75,865,826
$58,425,109.95
78,145,192
$3385257
$40,741,680
43,461,003
$1141753
$1854183
nan
3968938.94
$26,084,677
69,043,628
$9804044
17,165,018
2308652.66
$18,918,717
$7024105
$5655115
3133530.76
$2585106
95,126,447
nan
$5823791
$82,282,011.20
44,991,310.53
$10,957,262.74
$19,191,476
nan
$92,887,842
$51,417,663.13
$8070226.89
18,889,158
$5880782.65
$9330713.19
175483.90
$60,732,208
1106001.55
$3261044
$95,854,052
$52,229,045.14
$12,955,075
9698006.69
$4588368.72
$13,783,167.46
$99,282,594.14
$9416730.86
29,888,917
52,693,710.16
$63,953,252
$5240661
nan
$91,856,985
$291996
$3514995
$79,663,302.39
$47,305,444
$17,421,368.100
$8838225
$487109
$79,825,691
$70,209,253
$40,818,036
$51,670,992
48,338,723.40
$60,840,476
$67,196,267.90
$85,245,513
$4624252
6396858
$95,112,314.12
4786743
$12,656,448
4093516.11
$80,605,418
nan
3090453
72,681,442
nan
88,661,253.78
70,793,243.61
$70,632,107.90
