1.7761
6.3057
6.3057nan
6.3057nannan
3.8684
5.9284
0.5924
3.8371
6.4794
7.2385
7.1895
7.1895nan
1.5746
0.1681
7.7244
7.7244nan
3.6890
9.9870
0.1107
7.1218
10.7826
1.782
10.1790
7.1379
7.1379nan
7.1724
7.1724nan
7.1724nannan
6.8083
10.4108
9.777
9.3507
8.6031
6.5882
6.5882nan
6.609
8.346
2.5244
8.7498
4.1475
9.8679
0.2233
6.5756
9.2902
10.4545
6.204
6.2839
6.1480
7.3680
8.6834
7.8470
7.8470nan
9.995
0.290
2.5053
2.5053nan
8.6412
1.6016
1.2302
8.9520
2.1955
1.1001
2.2650
7.8047
7.9218
2.7751
8.6998
6.7285
6.7285nan
10.1112
10.5905
8.196
9.4230
5.3737
5.7958
7.1720
4.5069
4.5069nan
4.9486
8.6580
2.2202
0.4631
5.1944
6.8388
8.3587
0.9559
2.5676
7.1820
4.691
3.2847
6.8708
1.6051
5.784
2.9988
6.3191
1.37
9.9543
0.4319
9.1143
7.874
9.9715
3.4638
3.4638nan
10.5075
10.5075nan
1.657
1.8659
4.1363
3.2409
4.57
7.7137
5.3841
9.9200
5.3822
0.5489
3.5427
9.9945
4.9100
3.4854
3.7404
7.6854
7.6854nan
3.2312
4.5922
5.7386
1.2250
1.2250nan
6.79
4.5937
2.1823
9.1604
5.8033
6.7682
1.157
2.8407
9.6016
0.6984
4.4559
1.9011
5.6732
9.4078
6.2495
3.8422
0.1084
8.8074
5.8454
5.7254
8.8009
7.633
7.633nan
3.513
2.8844
3.8694
9.4278
7.5166
6.3016
1.5373
5.6091
9.9692
9.9692nan
3.8556
8.3123
7.8746
8.5010
4.6395
5.6997
0.2502
8.312
8.312nan
10.897
5.5125
1.2382
10.562
10.562nan
6.8685
5.3974
10.1867
3.3438
3.3438nan
0.9276
1.4489
1.4489nan
3.6580
6.5790
1.7556
1.7556nan
6.8218
1.5824
10.7170
7.6505
2.7036
4.5733
3.2372
2.5547
8.3314
10.7538
4.100
1.2624
9.1316
3.2426
5.5037
2.2150
7.8354
7.8354nan
0.9022
0.9022nan
2.6880
4.9704
1.4222
4.9589
8.4219
2.6755
2.6755nan
4.6105
6.4829
10.7761
4.1267
10.3148
9.4091
4.8789
9.5812
2.4130
4.7569
1.8940
2.9250
2.2665
1.9727
3.6625
5.2773
0.9807
0.9807nan
1.5743
5.6261
9.4920
1.4224
4.3314
0.6022
0.6022nan
1.2709
5.8470
7.4220
7.5554
1.5040
7.3770
4.2313
7.2324
2.5718
3.856
4.8987
3.6020
2.751
5.9832
9.6372
0.2255
6.1025
9.2691
7.5897
10.6926
6.2522
6.2354
9.3648
0.515
4.4398
7.7366
10.439
6.6333
7.5382
8.8679
2.5417
9.3267
6.7333
7.4899
9.1181
0.9821
8.7507
0.4493
0.249
0.249nan
9.4187
9.4187nan
10.7426
3.5297
1.6568
1.1584
3.7376
7.7254
5.2086
3.1988
3.9418
7.1289
5.8092
5.5481
10.2512
7.4378
7.4378nan
3.1538
3.1538nan
9.3811
2.6402
8.7827
5.4856
4.8795
6.3148
9.9488
9.9488nan
6.2511
5.498
5.498nan
7.6183
2.4087
2.4087nan
10.8910
6.4493
0.5626
5.2653
0.3910
5.2483
6.590
10.61
1.8140
8.5746
10.6572
2.2907
6.4118
8.6263
8.19
0.9992
5.6695
10.9534
9.9598
2.1569
6.5011
6.5011nan
2.3228
5.675
9.517
5.3358
6.5333
2.6733
9.6429
10.7093
9.2274
6.6414
8.6720
10.8691
2.484
1.5900
9.3887
7.6993
10.5163
6.5934
10.8099
10.8099nan
5.6091
9.1342
5.3352
4.8921
10.1786
9.33
9.33nan
1.6939
2.697
8.1589
10.2708
8.5314
3.2142
1.1684
1.1684nan
1.7468
3.5445
1.8554
6.6560
1.8275
9.3335
0.1821
7.1962
9.5957
9.2049
2.1085
2.1085nan
0.5581
5.1605
6.1373
1.5667
2.9038
0.3943
7.4773
7.4773nan
3.2608
10.583
5.3257
0.8451
1.736
1.6227
8.4844
0.1825
1.5431
1.5431nan
3.7509
7.61
4.7593
2.3960
7.454
2.8932
4.4107
8.9907
8.9907nan
3.8278
5.2248
0.5448
8.8796
3.7907
5.1978
5.1978nan
3.7641
4.5406
3.433
7.4255
0.5373
7.2560
6.6794
6.6794nan
2.5987
2.5987nan
5.8369
4.4035
8.3181
9.5675
10.9146
2.6139
1.9807
2.1104
2.9899
0.9389
1.3881
0.3082
0.2572
8.1019
6.9517
8.2238
9.2980
8.9586
0.1512
8.3083
7.6334
0.5893
7.3320
4.9224
10.6463
7.4106
7.4106nan
5.7162
9.4283
5.7137
9.9512
10.7116
9.9645
10.7767
10.7767nan
10.7767nannan
4.6612
5.2832
6.4952
6.4952nan
3.5429
1.5781
10.3508
10.3508nan
5.1316
0.6164
7.7183
9.4491
9.2452
2.2491
9.5028
8.9479
9.1874
0.3743
7.8022
9.7206
8.9346
10.7616
6.3316
3.8194
4.6042
6.5561
4.4921
10.8846
7.2025
2.9642
1.3918
9.7675
4.7526
4.6162
6.1739
10.9261
2.5801
2.213
3.3280
1.7133
1.1452
0.490
3.9543
4.4007
2.6276
2.2522
6.9982
8.4228
8.4249
3.8454
3.6132
10.4832
5.5519
6.1299
6.1299nan
0.1851
5.1309
5.1309nan
3.3584
9.4549
1.7827
10.4316
6.6270
2.638
7.3123
7.6611
4.6840
4.6840nan
1.7128
0.1966
4.7233
0.3982
9.5329
7.7912
8.3493
2.2231
2.2231nan
2.2087
7.3343
10.6694
4.9641
0.7065
9.244
9.244nan
5.3183
4.2089
6.8499
4.9212
5.571
7.5215
7.6673
4.7547
9.4550
9.4550nan
2.6525
10.2902
2.9142
0.9187
6.3912
10.8319
3.2269
0.2669
0.1116
0.1116nan
8.6550
0.8042
10.6270
5.8270
10.6919
10.6919nan
4.325
8.7857
7.8012
3.5216
3.6170
9.6197
9.2211
7.7173
10.1445
9.7092
6.580
10.1653
1.597
6.4179
8.3237
5.5484
4.3412
8.9800
3.3941
5.2385
2.4704
2.4704nan
9.1190
4.6013
7.9947
9.574
7.7304
1.6786
7.243
6.3277
4.3814
4.3814nan
9.6928
3.2662
8.5901
10.5668
8.5682
8.5682nan
4.1339
7.9494
7.9494nan
10.1861
6.1814
6.1814nan
8.3772
8.3772nan
3.1847
1.3639
1.3639nan
1.1374
1.1374nan
2.9334
10.112
7.92
7.92nan
10.3029
9.6732
0.2637
8.8597
4.1548
10.8473
10.8473nan
2.3561
7.4268
5.2446
8.4928
3.2482
8.4780
7.3929
0.8420
9.7609
3.5734
7.4051
7.4051nan
7.4051nannan
5.2927
4.8275
0.4791
5.4602
5.9259
5.9259nan
7.9739
2.7075
2.7075nan
9.2648
7.127
5.9849
7.124
8.5083
0.9606
8.9354
6.236
3.5575
3.8690
9.4640
6.2969
3.8740
10.489
6.9039
4.3953
8.4720
7.2035
0.3224
5.8946
2.8768
9.1208
6.1475
7.4739
10.7011
1.4228
1.4228nan
9.4219
9.3946
7.249
10.2236
10.5824
2.4196
2.4196nan
8.2137
9.4866
9.4866nan
0.6507
8.4543
0.7927
9.4635
8.3961
10.6105
7.4835
7.4835nan
8.2177
4.14
5.2164
5.2164nan
5.2164nannan
5.3606
7.197
8.4184
6.3674
5.3674
0.6155
5.2889
10.6363
0.4118
4.5727
7.5873
3.6586
1.1012
8.6878
8.687
9.9932
6.7642
9.9901
4.3424
4.2549
2.5383
4.9903
9.923
1.3493
3.1235
4.1074
0.2685
0.5825
8.1782
7.2228
9.3389
8.4085
0.9310
7.1016
3.1182
3.1182nan
10.1497
2.5724
4.7203
8.6172
1.4242
1.4242nan
3.529
5.7490
6.6752
5.6565
9.8817
9.8817nan
10.7799
5.6385
6.9792
10.4445
10.1304
5.4281
2.322
1.4975
0.7257
8.830
5.5527
4.9077
4.7895
4.7895nan
0.7736
0.7736nan
8.9095
8.9095nan
7.2870
7.5670
9.1539
10.1232
10.1232nan
5.501
9.9138
2.6731
2.4388
9.786
0.3108
10.1664
10.1664nan
6.5780
3.6704
0.5270
1.1890
7.5038
4.2263
10.7939
6.8230
0.3097
1.2424
5.6030
5.3183
3.5398
8.7564
6.8840
5.9211
4.3569
6.9958
2.6225
1.4128
10.6290
1.7586
5.4886
2.9110
6.482
7.9170
9.6203
10.7802
0.5020
9.1242
8.6102
3.7489
3.7489nan
2.4731
6.2680
5.2475
2.4679
10.2479
8.9048
1.619
6.9556
10.9442
7.7814
6.4715
4.886
5.7811
0.8709
8.5857
7.9647
1.247
1.247nan
6.5468
3.6595
8.9051
8.9051nan
8.9051nannan
9.185
9.185nan
4.2523
9.4262
6.1108
3.2096
1.8082
6.5900
4.5403
5.3480
10.9464
8.3249
8.3249nan
1.5077
1.8785
7.1013
4.9189
4.9189nan
0.2391
10.8736
10.8736nan
10.2821
5.390
10.6181
4.4231
3.5522
0.2016
0.4504
10.5277
1.3042
1.4952
0.1315
8.5040
2.2635
3.1058
5.5009
5.5009nan
9.960
2.8767
4.3557
8.5759
6.9578
5.8390
4.8078
0.9724
0.5409
2.8558
8.6208
4.5452
7.5149
9.6187
6.4491
1.3000
1.3000nan
8.916
10.5461
0.1558
1.5617
0.4203
1.3415
1.1922
0.8677
0.8677nan
8.6402
10.6328
0.3319
6.2672
2.6993
6.139
4.1535
9.5573
6.3297
9.1050
7.7338
7.7338nan
1.512
0.524
2.2596
5.5859
4.8695
4.1239
4.1239nan
9.7085
4.6669
0.4961
5.857
10.732
1.7345
1.8530
9.3418
2.8506
4.4973
9.1415
7.1308
4.6920
0.919
10.3884
3.4692
3.4692nan
4.4115
5.1784
4.6458
7.7164
7.7164nan
3.5868
10.2041
1.7577
8.721
0.1383
5.7578
3.8494
6.2378
5.6661
4.5485
9.5869
6.7288
6.7288nan
2.754
8.6460
7.5662
8.5415
10.4652
1.8269
1.6615
3.1210
6.3761
2.5166
2.5166nan
7.8899
4.6906
8.3581
7.1662
4.8358
10.9781
10.9781nan
3.2240
5.4120
9.9912
8.2809
4.2978
10.5112
8.9862
5.2303
8.9307
7.7282
7.7282nan
8.7948
4.2296
10.986
0.747
1.2564
1.9455
1.9455nan
6.1967
6.189
2.516
5.291
5.291nan
6.8318
6.8318nan
0.2358
