$7,317,194
83,322,567.56
$74,745,730
62,641,109
57,789,529
$40,803,775
$76,467,045
5017006
6957693.73
$53,947,222
$18,177,372
$36,201,628.29
17,240,890
$26,824,401
99,295,074.29
62,955,491.78
4042998
$84,742,414
42,726,082
$72,874,633
$9509213.73
$39,381,185
$27,449,015
$73,988,224
nan
6274181
6208755.69
nan
$52,400,219.70
$90,077,705
37,336,499
$64,117,911
$1918288.35
85,575,127.52
$28,005,645
$2260117.21
nan
$25,033,014.64
$94,632,165
2,110,990.98
87,025,131.9
53,477,967.100
15,363,900
34,065,505
$51,089,405.31
$42,186,762
57,926,060
$48,077,607
37,459,420
$72,670,353
nan
$92,446,814.7
$4169017
70,157,140
$3540545.83
$58,778,271
63,087,352
$28,065,560.14
61,634,691
$29,851,737.85
63,648,574
7500901.45
nan
$30,374,867
82,242,006.54
$70,094,370
$2,248,248
$16,486,002.47
5517261
$61,846,143
$45,206,804
$25,049,328.100
32,512,990
5852024
$38,429,511
$66,376,715
2428268.72
nan
nan
$19,137,810.18
$88,173,557
$3054677.36
6841745
$94,132,637
81,766,625.68
$52,649,979
$61,423.17
$43,324,510
$8517619.60
$4023142.27
$47,141,557
$8,121,759
$95,726,304.41
$32,682,366
nan
1093930
52,821,342
$7586192
$23,439,911
$58,583,057
$3657457.66
94,317,566
$1452144
$1887816
96,084,841
nan
1226018
$7069905
169,418.37
$1943846.44
32,251,249.76
1,033,221
90,558,314
2,919,776.49
$9440759
70,163,616
$18,780,863
3764668
56,690,124.16
48,504,147
$4015408
$53,356,192
2596029
nan
$29,774,147.43
$8969132
23,417,539
55,386,635.97
91,294,480
$13,358,036
$78,428,464.87
nan
95,707,348
$1520382
75,074,429
$7705879.68
$8416511.98
$7170884.67
$44,209,890
$1661412.9
$60,843,808
$54,069,383
$80,802,370
3482988
nan
78,212,063.6
$58,328,405
$308645
nan
$3081527.34
70,684,070
5113605.14
53,127,189.58
$24,526,443
$13,299,469.52
23,162,962
99,057,058
32,681,657.64
$9582923
6005352
$25,403,192.76
22,705,168.4
8351683.38
nan
$9,636,305
$34,741,197.61
22,192,234.85
6815110
$22,357,941.100
37,164,078
$18,852,487
$89,814,139
$86,484,061
$78,002,771
$2321844.66
$8937579
48,302,768
1441982.41
$23,640,096
$6473212.73
53,596,543
$45,062,328
$31,897,924
$27,425,712
nan
$23,019,482
$38,157,947
59,202,576.66
nan
2719457
6230200
$46,085,297
$53,593,776
$11,202,213
$83,486,463
81868.61
$99,658,267
34,778,241.26
$3726744.20
nan
20,747,621.33
$55,123,647
nan
$422,845
11,219,224
$7160759
$30,103,141
6330961
$6634961
4368058.20
$52,871,664.77
$2732176
$5,312,147.14
4124947.80
67,074,555.61
$9349511
$49,235,121
$9628696
$92,545,824
$36,106,147.56
$2070104
$41,928,580
34,448,671
nan
$56,175,449.91
69,415,076
$2591758
$44,510,369
$47,080,432
$86,973,175
$56,752,741.10
$3768409.50
$73,301,191
$57,253,738
$9425695
nan
52,777,413
$57,913,464.83
$48,101,404
$2151218.74
9443969
$53,859,007.74
$26,198,872.11
9,425,984
$8957684
nan
$79,046,630
$66,999,613.19
$87,080,958
$6216533.53
$3165543.46
53,481,770
$78,661,979
8440493.31
69,926,789
4971155.65
$68,697,583
nan
$2106810
nan
$30,975,830.56
4932975
$42,540,299
$29,117,808
$1204068
71,204,308
$29,767,569
$21,586,469
$33,081,107
$3462542
$4426466
$30,206,148.63
$52,356,386
$35563
8473912
$501506.28
57,153,564.60
$77,985,334
5985126
nan
383375
nan
$54,624,303
$6085702
94,178,744
2281371
$71,871,665
90,409,315
$74,331,920.11
$31,967,925
$2496871
5934173
$34,544,510.67
92,383,033.34
$70,046,163
$39,198,930
$73,642,939.23
$2029120.23
nan
$62,335,974.59
43,334,297
9103671
$84,473,774.47
$56,452,510.83
nan
nan
$93,547,022
$64,367,495.57
$2441207
$81,856,014
61,330,329
73,009,707.35
$6074855
nan
88,271,646
83,637,863
79,409,114
$99,867,035
$3208546.42
3,062,454
nan
4983772
6604425
$549786
22,017,827
$93,866,552
34,427,408
$85,120,211
91,389,971.81
7835640.57
$26,876,033
$8664809
$1192637
74,301,628.16
$50,834,953
49,025,958.7
$49,297,368
nan
25,281,167
$70,644,035
nan
5,777,454.82
1423987
56,587,422
nan
$4855096.75
nan
4024927.89
$56,130,232
3914309
$2691788
$30,927,673.84
nan
$47,329,237.79
$35,565,371.14
$29,061,718.60
$53,297,927
$13,462,289.19
21,557,429
4353813.7
$55,174,070.9
32,888,456
$925256
nan
38,676,576
$61,317,101.1
$55705
97,275,221
$95,515,923
$84,525,413.75
$39,593,011.63
$83,328,359.78
16,389,669.45
$92,674,642
$91,872,649.34
22,599,922.22
$11,348,563
$85,409,013
nan
35,703,123.89
$50,040,626
4302544
$65,629,782
80,314,505.37
$80,008,299
82,026,578
$82,527,652
6601224
$48,903,632
nan
nan
$7,805,413.63
nan
nan
7142076
nan
$53,491,564
4417074
$4,872,615
nan
$20,543,812
21,082,746.82
7788023
7526310
5094016
$8163755
69,401,046.29
$16,545,309.59
$4053918.7
$17,621,617
$20,356,498
$4462999.62
$17,547,582
14,584,895
22,582,058
$79,656,948.41
70,450,065
61,237,044
nan
$6865872
$99,447,661
$41,655,219
7776891
7626136
7790187
44,944,395.98
$4532811
$1865543.25
$24,771,166.73
$55,965,951
$18,677,055
$54,691,304.25
nan
7393751
51,428,321.96
$34,228,884.54
$12,700,654
nan
$24,470,981
4,281,035
$92,126,059
$3199771
35,999,548.66
$9195023
nan
nan
$50,380,977
$2754431
$69,971,290
$8260886
61,687,625
$82,559,626
$22,016,081.87
30,022,314
1884328
$2170171
$14,927,392
8932016
66,088,609
11,621,611
7,793,127.100
24,699,637
$28,016,800.100
$6,702,814.11
$52,227,976
$22,518,582
$71,403,711
$28,043,898
$95,119,277.43
$32,526,694
$81,422,701
79,385,675.53
$2019347
$3,141,355
$14,251,483
6648433
$53,169,803
$21,078,295
nan
$3500789.15
nan
97,100,510
$7503080.79
$62,923,046.41
12,926,165
$21,779,395
15,305,555.66
$82,427,732.24
$9464894.32
35,068,861.71
nan
$8085682
$77,146,555
90,111,612
1229874.87
685738
8857028
$32,599,892
97,511,774
$1757981.53
8695349
30,847,121.87
$26,422,011.74
$8749638
23,458,158
nan
59,273,513.23
$9412595.74
$10,918,621.96
9832806
42,170,106.39
$5903917
67,856,229.0
$58,491,195
nan
$5,965,977
4157467
$426079
645730
$2216648
24,654,661
49,170,290.87
nan
$6254634
$6783577
$62,804,303.11
$5812266
17,210,494
$6087171
$2,516,946
$2449563
$79,908,095.99
$3962312
38,083,921
$6365078
$12,174,298
$16,241,809.34
$14,835,305
59,166,555
5314515.28
86,344,209
1242790
3636933.35
97,463,281
$78,141,642
89,697,021
nan
$37,030,827.20
$4,625,733
8230151.91
$21,391,527
5931721
$59,766,065
76,781,631
$65,421,994.31
6,495,515.55
8700586
$29,809,480.27
$49,947,005
$80,994,350
$70,090,335.20
93,759,634
2,352,777
$94,081,493
$5630138
$14,756,369
9040886
$3766016
516867
$60,437,304.21
nan
$59,348,664
5186442.57
2631080.46
$71,847,676
$56,275,105
6854713
nan
$55,151,844.41
27,387,699.54
20,820,825.42
$5571680
$1994257
$9266798
64,801,257.15
nan
$85,597,498
$50,645,877
$554305
39,433,102.78
$23,273,063
$71,574,870
nan
56,000,445.90
$3826509.60
$2690300
$80,727,109.90
$551364
32,763,486
93,298,571
$26,478,749
40,828,225
8316439
$4329360
1059276
nan
83,794,599
$91,496,463
$29,746,704.79
70,227,032
$97,893,412
9,407,498
86,800,590
712137
$26,319,059
4142233
$10,647,564.10
72,288,897.91
12,785,263
51,162,022
$82,605,612
9491753
66,585,363
86,729,598
nan
$8,846,186
73,579,486
$7170365
nan
97,678,505
$6361753
184087
$93,188,718
nan
nan
43,875,745
97,264,379
8421635.4
$51,816,152.42
29,124,605.81
$43,698,307
59,847,676
27,160,269
77,210,709.83
$25,051,577
60,552,489
12,230,351
5469047
52,192,295
67,052,301.46
32,285,520.34
$1414894
$29,440,763
$18,309,139
$60,324,987
45,094,450
$97,184,727
7677493.9
1078835
83,680,678
nan
57,547,455
36,942,389.14
$18,782,571
$7,440,316
$99,158,430
$59,794,695
55,798,443.79
94,785,498.37
6548802
76,199,204.38
$2254228
$2111441
$8854194.47
6,477,953.80
1793255
$25,774,110
5,632,080.47
$57,895,760
$9,242,995
$15,709,028
$21,946,199
$68,834,674
$27,469,039
1542799
17,185,640
$431963
$966001.64
146822
$37,032,158
nan
3,535,995
$75,107,115
$6538304.49
30,370,600.43
$83,533,984
25,631,073
$62,964,202
93,930,001
55,718,733
$95,226,263
$5819644
nan
1464496
8299244
$7023897
26,192,365.67
3665933
nan
35,793,292
nan
59,721,780
$68,965,132.93
nan
5,523,828
$90,068,185.37
69,994,494
$31,293,258
$50,976,344
52,387,228.13
$66,155,175
$5985717
$71,756,587.61
$5584440
$7,163,425
$5662038
$3463912
$7922910
$219103
68,347,573.83
$24,400,892
21,734,877
$51,713,070
3988394.11
$35,489,129.43
$20,354,490
nan
35,736,672
6950956.17
690120.14
$44,312,192
$2365418
$69,030,831
81,984,002
10,868,428.80
$15,233,818
$2709016.55
$19,546,689
nan
$21,809,873
92,673,285
34,483,718
276,900
nan
$90,755,712
50,015,350
$3783724.24
8,954,693.62
$73,216,413
$6,547,595
37,661,392
$74,955,136.28
20,227,373
$1767779.94
53,504,407.28
783690
13,523,069
7652515.45
$54,572,787.84
$29,437,803.62
nan
$26,067,069
8910609
7169793
56,988,394
$6,538,431.100
740368.18
6540218
nan
7581843.100
12,152,041
$80,034,123
$5582218
$42,016,408
$41,069,374
$6856304
$7,654,684.92
97,364,374
$80,564,089
$8,768,729
$7089229
$30,344,631.78
nan
$9351381
71,003,865
2574326.55
$70,948,796.16
60,582,201.75
nan
$61,079,463
92,131,868
nan
14,795,190.20
5966571
48,511,813
52,905,932
$8493296
22,484,362.77
39,933,641
57,559,948
4974419
$25,900,128.58
$14,498,466
5786741
95,891,966
$90,492,355
$85,401,087
$4463743.93
nan
29,791,830
86,468,326.57
9566435.22
$31,610,019
$14,750,550
nan
$88,628,690
7232881
$23,127,276
3,882,076
$7269398.63
$7374122
$30,125,073
$3192987
77,220,709
nan
$626486
$42,445,693
$92,931,177
16,314,059
nan
8,924,279
$32,039,321
$65,178,366
260044
9506680
6295273.62
$76,230,181
4513184
$5051701.32
$19,552,046
$21,182,653.44
26,319,558
3691004
nan
$91,020,961
37,293,995.30
$6472714.9
nan
21,055,668
22,943,234.88
67,181,270.4
$69,048,506
$31,145,256
$37,067,569.12
50,181,166.80
$68,138,785.39
$58,936,776.16
$71,450,978
nan
$44,506,788
71,174,073
$28,249,233
$5,594,813
78,768,021
nan
21,691,290
5447527.28
$89,485,144
8079201.31
$70,980,671
$16,016,553.38
$514918
25,164,842
51,686,523
$6866329
$66,253,338
$2273688.2
$82,399,508.37
$32,147,974.56
nan
$48,356,812.93
5,525,533
$24,273,242
$50,178,943.70
$3031222
$64,747,800.51
8,234,947
62,030,395
2943852
$63,284,223
8137958
2048678
59,221,712.21
75,742,460.22
2333819
$73,087,250
34,918,757
8116930.56
$28,279,036
$1,410,391
67,433,570
$9969390.85
$5132098
$44,731,136
$3152262
$6231506.58
39,143,455
$2953085
$5950373
7980743
$5037717
$17,911,040
$6367146
$4250580
nan
nan
57,303,462.9
7774070.1
98,693,199
$4351267.6
$9991197
1842611
$4890074
53,046,336
13,945,899
$57,665,638
$81,482,919
$28,562,135.50
3040403
$92,158,511.77
89,441,495
$94,487,502.87
$75,335,647
8611510
26,074,122
$9316226.100
$24,006,554.34
$47,674,880
98,948,753
20,421,695
nan
5135473.0
46,552,951
$59,497,175
$2887977
60,319,898
$60,762,305
2964917.89
16,220,609.31
$5,784,591
$46,027,283.50
381955
$2,161,947
4949552
$301662
7307999.74
75,087,988
34,289,635
1993311.12
$60,266,130.35
$5541469.16
24,491,349
49,480,344
$40,142,501
86,412,637
$96,927,730
69,228,384
57,729,805
$84,964,785
35,411,247
86,849,379
$4736560
nan
$43,754,985.33
nan
57,793,323
41,613,243.87
$74,683,641
$3449623
6238131.66
4652077
47,601,324
$2064945
$82,720,677
$34,230,451
$77,176,731.69
2798367
3662600
$83,439,859.39
$79,933,356
