$49,013,345
$12,298,863.50
87,326,588
nan
52,723,192.91
$77,767,573
8877397
$60,394,669.46
1646738
7853050
33,275,615.14
$28,339,566
$1181354.89
$8231888.49
$59,927,893
86,226,104.56
$29,021,918.31
48,909,208.56
23,413,401
63,606,592
$5617013.0
34,679,116
32,107,561
nan
$19,990,268.5
2140654
$9903323.59
nan
$18,292,309.87
46,261,896.12
nan
74,254,787
nan
68,553,380
$4071796
$18,886,933.27
$67,267,236
71,967,148
43,648,931
$58629
$14,963,275
$67,333,818
8191512
nan
nan
86,341,969
5054739.71
nan
$40,727,391.56
$7872491
nan
$29,704,292
4597384.48
$4,328,128
$53,028,580.57
64,309,792
$59,900,700
$47,350,848.21
7,696,883
7273943.60
8248369
$5125661.31
$44,076,022
$53,677,474
$88,161,363
nan
$25,969,520
$4,626,002
$3643712
nan
$5099497
$9,182,413
5733838
$40,308,063
4326528
$28,155,272.84
$72,740,270
$8223032
$90,934,169
$3218351
$3418389
87,227,903
$59,302,077
$64,391,186.77
$8658795.78
45,945,294
$67,716,229
$50,200,389
nan
$19,793,197.89
$76,537,756.9
$90,663,933.80
2612188.29
$9339785.58
$39,998,511
2097897
nan
2,930,606
$38,220,823
3880280
nan
23,411,000
$1159850
$99,620,925
$79,984,715.93
$60,730,791
36,506,031
$32,436,532
$81,480,039
$50,286,477.72
87,834,658.44
89,019,511.13
11,970,451
78,803,372.62
$60,799,108
53,287,334.23
nan
$34,270,709
89,944,523.85
$48,009,238
nan
$43,722,784.2
5,929,427
$75,656,063
63,409,648
$84,888,855.70
$72,537,873
$4599842
$2873794
$15,276,405.80
$8783765
nan
34,445,967
93,385,583
13,538,797.72
$59,060,859
$5018244.44
nan
$2982326
$9633881.65
$37,216,912.20
nan
$24,829,368.36
$22,316,945
$1,745,911
99,018,571
20,459,736
$16,461,009.95
$39,648,386
$98,797,811.58
nan
64,067,227
7267559
3960927.71
$54,758,470
$4994149
$57,594,224.62
nan
nan
34,951,270
nan
$89,550,975
nan
$18,004,067
94,409,330.100
3642258
$40,181,625
$48,468,574.39
$61,135,385
$14,673,587.26
$68,010,121.18
93,115,812
$71,768,626
66,969,805
$7971598
9145108
8655245.75
45,779,536
$92,384,347
$8991916.63
$72,594,280.55
5849640
$2,292,504.59
$79,588,999
$78,069,196
nan
$51,324,889
$7764020
$20,228,693
$57,769,387.1
$520323
$26,083,405
nan
71,559,706.25
3248835.5
1222824.53
$86,649,710
$19,993,778
nan
$90,552,663
2453056
nan
$23,357,853
$71,105,514
nan
$86,933,198
$9131240.19
$57,788,120
10,527,724.16
$135446.48
1600360
$19,924,852
$87,211,714.27
5192792.0
98,223,355
$557851.15
$42,621,674
40,325,279.7
$3077698
4469353.51
79,653,026.49
$85,538,709
$23,233,938.27
3734626.6
$2472594.3
$7587724
84,342,781.44
$7,245,147
25,668,894
$80,517,431.35
$3348426.45
$27,918,455
$27,771,234
$5840491.93
nan
$47,281,251
$65,275,347
$75,382,515.56
nan
97,859,590.26
$60,476,061
$8426562
$5,768,119
nan
nan
9284698
$34,587,548
3444589
718115.44
$9,133,744
nan
$44,159,217
$73,047,640
$11,667,262
$88,214,287
79,919,237.41
59,049,309
nan
$6472536
$43,168,923
53,428,571.99
19,507,211
$8857930
nan
$56,085,055
nan
89,957,466.51
$18,527,123
9053546.39
8661530.85
$80,464,859
36,307,229
70,912,555.36
6794840
5688744.1
$13,432,324
$78,518,209
$42,738,147
72,271,361
$92,613,151
3092834.17
55,885,398.42
nan
88,327,100.48
$5425831
$54,464,173
654,671
8210466.39
5409592
3745935
46,750,757.2
$66,899,033.22
$250963
41,819,315
3,196,489
$9670995
$90,290,087
nan
77,050,267
932805.75
$96,133,201.26
$58,534,133
$59,302,927.15
$993354
5189148
$408348
$79,789,893
7,273,965
6304238
427402
$50,026,417.76
$3032339
86,739,595.89
$2,634,517
$13,888,486
nan
7937380
$64,347,362.2
47,361,266
$53,299,091.93
$2798240.20
$8548407
nan
$1270307
$7,836,704.71
$1478298
91,725,015.51
$7725260.16
nan
4449436
63,990,998.31
$2547680.92
nan
$4513857
$19,776,517
2841387.85
$9016312.8
2279810
nan
75,103,361.54
$6908514
$39,053,935.89
6572497
$12,903,129
$89,033,145
4680504
$12,054,008
$5085719
79,745,168
$82,775,811.65
$4578239.80
nan
3,799,285.61
$43,622,388.39
35,699,635.49
2832423
$8244796.50
$14,913,073
$1109373.14
nan
$50,430,211
$7324634
$35,008,288
nan
97,243,115.51
$9207146.59
72,715,669.86
$62,726,996
80,697,625
52,702,752
70,783,459
$41,412,103
$65,974,925
$59,601,359
$67,895,063.16
$53,544,773
$870,071
$2977558.35
$6224898
$65891
34,998,694
93,217,284
4480781
$97,755,707
$71,970,662
$7571124
$5570041.63
7,041,031.24
nan
$8672620
63,219,800.16
$1510015.9
nan
nan
211893.83
$61,068,981
21,677,640.45
$98,467,889.79
12,324,549.0
$50,821,588.98
$83,995,397.21
$4614433
$46,238,542.73
39,011,206
45,821,723
$37,733,090
31,494,965
$54,050,750.56
$8,140,062.87
$3540760
$30,434,879.37
$5020648
$8023351
$9266473
$5668575
nan
893,962
6832269
64,316,428
nan
nan
45,909,905.80
$10,429,015
$68,362,492.92
77,441,733
8872553
7803731
$24,713,131.37
$84,708,297
nan
69,014,695.75
$1,883,496.18
6989293
nan
55,638,121
$72,248,707
3907250.74
67,140,594
$5303105
1224445
nan
$55,073,391
9539481.94
$98,943,406.46
14,776,915
nan
nan
$6769480
85,841,555
91,135,378.71
$74,888,838
56,902,593
$5839006
95,503,685
20,540,451
$74,045,646
$69,938,374
14,782,443
$66,317,948
$6,197,487
$63,868,082
$8147164.25
$86,327,638
$3089547
20,822,654.91
$57,846,367.7
86,706,188
$2923331.15
38,695,641
32,134,961
$85,117,581
$53,448,556
nan
nan
$30,297,539.65
52,424,318
61,947,610.76
$7588388
126788.34
40,362,224.78
$657501.85
$329478
$68,989,384
97,477,486
5148355.68
$77,771,173
$96,367,691
11,847,033
7,958,521
77,393,960
$95,271,425
$27,985,356
53,190,903.5
$78,670,250
$90,223,307.81
72,108,115
$9148238
$50,190,297
nan
68,038,504.22
$36,127,262
81,661,616.26
$28,007,044
$74,097,539.96
98,649,467
39,841,377
$1690072
$362643
$85,926,530
93,392,483
nan
nan
63,289,868.68
89,829,200
$9102086.93
nan
$76,571,228
$10,320,051
$81,628,679
$9830719.67
51,150,658
2407863
$7388503
$38,028,134
$69,293,526
14,615,301
$60,238,846
$79,241,710
1337972
$99,465,495
nan
$40,785,640
$7346695
nan
$63,109,170
75,144,282
12,261,548.74
$74,570,776.73
$82,432,773
$7042955
63,979,918
64,476,884.98
83,171,677
$6,986,080.95
9,665,383
$91,569,218
$19,168,441.42
33,738,835
$1,430,961
70,264,320
$17,994,418
45,826,129.15
6,303,708
$85,644,743.30
$912652
$1,301,251
$1363332
$7,434,375.8
$72,829,545.38
22,763,926
6846447.80
$9375681.100
$1504269
$3568183.97
76,621,649
$71,267,116
$83,950,411
$73,493,066
nan
3272936
nan
$44,305,564
78,311,107
$95,413,350.65
92,904,983
$1169626
$23,002,472
8241774
$16,416,570
$74,114,267
$983836
$991,707
nan
$36,546,563
$76,735,696
$71,967,525
nan
9104784
6464216
$396238
60,996,366
8,591,352.85
$13,673,318.16
$94,274,443
$92,555,521.72
54,418,585
nan
$8650758
nan
$4955956
87,475,650
$22,487,863
$32,471,801
48,916,929
67,559,370.55
nan
9609479
$59,746,075.14
84,854,979.64
$72,860,284
nan
$8,572,152
87,183,680
$3247309
$8521436
nan
99,948,891
nan
$42,002,011
$12,786,726
$5629000
9,476,464
$5455205
nan
$3839285
$36,581,850
nan
$71,521,097
2317583
$34,445,500
$16,998,097.64
5942345
8102618
nan
$3,819,701.7
81,026,489.26
97,397,660.77
6738727.81
$3960569
nan
$1746933
$98,989,496
$8916881.43
$94,316,634
2480290.30
$8417176.25
$19,654,620
$29,525,094.65
$7045500.20
95,719,061.61
$8448246
$85,093,578
$40,249,852.56
$3481588
nan
$11,381,587
51,125,686
$1534684
35,245,959
$14,410,388
$97,748,537
$11,518,701
8,069,057
$2774944
$6192839.53
$55,792,392.58
36,478,338.56
$5042169
$95,687,631
$8401458.94
32,472,175
$86,625,101
19,092,964
$79,100,351.98
nan
$19,017,240.21
16,309,538.3
64,184,934
6770289
4959609.90
$96,693,519
$1665199.39
$37,978,558
$531787.29
$2453993
49,212,154
59,259,286.77
$8720703.36
$50,008,676.41
7459732
$78,952,806
$21,752,714
345826.15
nan
$8486896
7695429.28
28,306,870
$477306
$84,150,622
$5800576
$8534009.65
55,055,090.89
82,106,404
$53,796,860.39
14,518,864.59
$7076720
$7,268,273
$14,808,578
$27,833,065.78
2135354
$8388337.61
$26,272,377.87
5165763
$40,930,877
$68428
$1863059
$93,851,558.38
$8083349
$1582682
4721331
44,174,326.14
$8267571
$9,249,372
$4,106,275.62
$4777702.16
64,415,659
$48,898,954.23
86,444,850
84,951,047.28
$93,798,030
$84,962,583.73
$86,602,206.75
$91,824,100
$6713478
$66,502,638
1820763
6367558
$74,178,271.81
70,966,899
$8547178
9,796,421.8
$8890901.56
$96,235,299
96,987,611
5560095
$9583776
$60,198,394
$92,709,454
5556715
$27,822,448
$23,929,010
$48,954,457
nan
55,803,117
1434810
1173147
67,484,303
9259326
$25,039,865
8385969
$1914756.37
$92,876,214
35,519,762
$8704327.85
$9294472
$8934703.8
$17,894,586.53
$6352263
74,989,444
$66,789,139
$95,767,737
$6104622
1,761,052
5,687,057
9,096,844.39
85,538,192.15
98,043,206
nan
8247680.26
$6035432
$79,001,606
485,414.69
$56,304,308
463029
$36,325,053
$35,429,486
$48,577,626.65
20,856,100
$5,490,978.22
19,101,788.74
$2718872
3023436
$5968816
7687963
$99,038,311.41
$1370037
1472907.23
$2371472.36
17,767,720.82
$7061121.23
$28,522,916
$7941471
$13,446,799
$51,575,624
$133728
$12,512,278
$99,918,013
$2561815.78
$24,013,846.45
30,035,663
$71,006,885
94,176,277.98
97,507,709.64
$21,355,291
nan
$31,639,748
nan
$8576232
71,774,808
$390721
84,765,252
7609449
22,256,217
36,356,882
$40,793,709
nan
4110376.30
$67,576,347
$496,164.77
$26,171,294
46,749,509.18
$43,856,924
74,384,698
$36,749,367
$1,559,366
$569,521
68,131,475.55
$4116079.17
$16,077,576
7859156
$54,437,173
8011341.66
$4421065
$98,369,973.33
20,705,054.81
$52,219,209.69
$86,063,625
$77,956,287.94
$7196185.39
$37,056,184
897781
$4559943.85
$7479499
$21,819,263
$91,691,805
$10,251,036
5,226,541
$72,862,889.29
$16,945,571.70
$9677738
$3334254
$17,636,838
$54,109,212
nan
$4884870
$59,218,198
$90,607,215
$597125
58,223,087.51
$46,641,243.8
$7,558,125
5503977.89
35,786,637.42
nan
$23,810,410
9259285.94
$34,312,297.71
33,567,273.43
$8933107.92
6606
$961915
12,685,720
52,434,965.100
$4180219
$4816734.24
9903311
$7,129,991
$5435171
60,280,758.78
$9523197.26
nan
$67,085,737
nan
$58,091,487
2430184
$91,102,680.54
$55,976,824.40
$10,358,689.44
2569537.63
$51,656,230.30
9832519
$50,961,245.76
$1910020
$34,375,805
$20,075,070.36
$464296.63
51,924,446
9829465.42
9,536,552
53,069,798
78,980,684
$72,019,764
$19,821,976.75
68,857,378.11
5894618
31,208,693
nan
$953718.50
$92,391,352
8,262,694.85
$97,400,106
$30,367,205.76
$54,440,834
7631248
$15,843,384
4703956
$27,741,937.71
$5,530,387.30
48,258,145.68
26,649,258
nan
$25,990,335
$33,256,173
$3421584
$7843763
5417292
84,666,207
$15,918,939
$58,014,314
$9724706
$97,004,898.22
65,719,646
77,722,547
$4481237.76
$3,068,742
$1061798
$4601564
$7951222
90,573,050
9062944.4
$44,700,233
$92,521,326
8365586
$58,436,935
42,265,261
81,363,907
$26,347,654
nan
5617391
$23,133,351.54
9,283,068
$5704481
$69,710,166
66,419,300.82
$94,250,060.59
16,681,507
$98,163,434
52,216,686.6
$58,999,480
7588551.80
nan
$38,224,741.87
$3925999
$960351
4489180
3056336.56
$1856846.76
54,231,781.39
33,223,449
$43,914,625.15
8629635
$3791928
$5572288.10
$1639993.60
$53,890,778.27
$68,528,272.74
nan
42,911,845
772472
$12,781,350.71
$14,883,706
8819447
$17,270,666
7546557.32
$47,143,045
$6640034.18
1928513
$33,601,499
9362024
$98,264,530
