$8545999
21,853,949.51
$66,594,313.53
$7464656
$86,412,897.33
nan
1131266.30
$116502
$39,919,495
$9953655
2909866
$42,105,793
8535836.69
$8963302
1558816
38,911,260
68,497,143
$95,353,803.52
$83,004,173.85
80,789,758.41
8025310
$77,368,296.54
$29,864,918
87,277,853
nan
8,659,002
1150662
$42,443,910.57
nan
$78,016,806
$21,961,172
nan
nan
nan
$45,833,841
$43,550,476
$58,861,240
9567743
$8544462
$28,785,027.7
nan
$86,430,167.62
27,194,420.0
nan
$473035
$9395586
nan
$90,880,797
55,428,174
$45,407,589
8248444
9045748.57
$47,224,476
82,052,002
$10,031,180
5344725
$1754490
$93,854,216.52
$95,985,809
8,901,004
$25,232,648
nan
$22,808,601
2973054.91
$18,160,477
nan
$72,422,034
70,812,733.63
$73,254,545.55
49,369,628.59
$62,115,715
$30,401,796.50
$60,082,654
$25,732,743
$152438.98
$99,523,979.65
$69,316,945.18
3879884
$72,691,341
44,018,263
$74,702,422
32,654,337
$6873157.23
65,508,046.22
67,730,815.39
18,285,703
nan
$71,522,240.89
9,912,091
$41,605,636
$2,271,043
$28,371,237
47,359,987
$45,193,268
91,421,222
$69,884,518.58
$73,050,935
$97,664,989.2
$19,987,943.7
92,640,120
$7482341.31
7781696
931574.64
$27,480,217
$27,998,870
nan
$85,440,987
$9565894.84
$31,320,022
99,784,555
$69,102,743
22,988,362
nan
1857305
4412265
nan
$94,275,263
12,113,629.90
75,959,411
$7,766,197
31,246,024
$3117407
59,214,635
$3199397
70,523,649
$18,399,064
$2455813.92
$8870128.82
$1879542
$60,801,071
$2194595
8,927,559.43
$99,416,882.72
94,705,667
56,639,535
28,660,854
3329431
$86,323,816.90
9,351,917.79
nan
$3022283
2876192
19,005,676
44,228,344.43
$96,581,408
4536445
$9,688,379.35
84,435,883
3965577
$2337280
27,543,291
$24,748,848
43,466,976
nan
$6617380
$38,989,333.46
nan
$5882114
29,765,724.41
20,780,053
$97,230,537
$72,718,909
$88,385,106
7493390.23
8377442
nan
$30,557,996
$23,935,792
2766444
$46,041,686
9315458
$4,177,168.4
$5727779
6990176
nan
11,773,927
$5635794
$52,957,520
nan
$46,859,237
$2548650
$13,547,338
6364245
288837
$35,178,859.24
2566238.36
$43,512,363
$6016825.3
$9148813
nan
$16,861,272
3,495,031.92
$54,895,529
94,819,386
$10,048,016.64
$9763388
1383789
$1856251.57
nan
$31,539,447
$57,907,240
91,164,704
$77,251,285
$65,246,554
81,715,814.96
$46,245,060
$661348.6
4406139
nan
61,662,320
$25,109,042
$65,324,384
$97,833,216
$5777375
$58,197,926
96,210,221.91
77,964,936
$9,182,150
$28,036,551
$42,523,242.70
$59,640,906
$45,701,653
$39,803,291
18620
28,590,594.0
79,445,797.14
$6188761.81
$77,904,906
$83,532,988
$3726760
$56,293,436
$57,327,268.41
$77,451,070.76
7453135
5,103,391
$46,830,108
99,830,247
$69,914,482
$61,706,632
73894
16,483,744.4
1908531
$6909046
$29,348,638
$73,732,744.99
51,692,919
$2894974
$8295905
$2,766,504
$1402517
$32,086,334
nan
$3307277
27,157,575.88
$88,036,291
nan
4559965
$808925
18,027,343.98
5621653
$1730373.56
nan
34,532,152.51
nan
$48,646,019
$18,440,668
42,534,514
$39,972,431
nan
$3,458,907
$5009058
$37,532,001
$64,007,409.26
$29,304,888
$18,331,232
85,778,752
$465488
$8677794
nan
$30,136,401
57,626,394
81,435,276.10
7446962
29,478,148.80
nan
$66,721,003
66,178,054.83
$8315915
$24,655,380
$5687485
$4,622,137.38
$7,573,871.96
$2310698
$13,413,923
95,489,610
$2,086,386.52
$7171525
1513799
$7421721
86,447,334
$521423
$8432529
$36,944,054.2
nan
$31,329,947.35
$20,369,653
40,642,750
$72,874,385
7356249.68
28,749,415.30
59,722,799
$9280859.35
$50,665,056
$47,840,050.88
5937918
56,259,583.16
96,975,914
$69,590,666
1336676
62,139,682
$68,715,387
$19,754,864
$2,742,850.45
60,407,400
$6178477
$2655089.76
nan
$75,313,924.61
$18,263,056.21
$84,925,378.56
$65,315,118
62,684,668
87,052,655
45,689,022
$36,735,155
$827590
$95,108,002
73,524,340
$82,618,122
36,142,505.0
$2248628.79
$80,993,646
$44,385,671.24
$65,755,666
$10,157,418
898198.54
92,426,722
nan
$4692697
$96,082,982
102078
$44,844,309
nan
60,673,971.78
$84,912,454
nan
$62,485,493
30,607,552
282755.70
$2923750
$1883091
79,400,454.43
8249167
$29,316,739
42,330,390.65
$5176679.15
$1311514.71
8586443.76
6,455,051.62
$61,518,006.71
$67,431,839.39
1283824
4376907
$45,972,249
$31,947,467
$69,381,389.34
$75,498,023
66,119,089.33
$8138698
$63,309,856.65
$49,161,776.28
$63,162,000
$3375313
$91,856,294
4,711,170
1039974
87,803,917
$97,439,018.41
32,134,044
$84,888,747
$2645765
$47,224,599.21
$89,482,029
$7810306
$92,196,968.7
$33,247,730.92
68,999,737
$63,753,003.82
nan
$34,381,807
$81,415,816
545,110
17,495,437
41,887,234
73,849,024
$88,463,463
nan
54,002,964
nan
$72,431,083
$75,874,548
$74,908,886
$75,505,320
$83,360,372
$61,683,420
7459652.46
60,984,965.38
$3328903
$6442027
60,562,985.26
6640487
$90,459,486
8222456.10
$75,738,344.24
63,819,918
$2016683.55
$20,150,736.40
$64,136,892.89
$37,690,167.60
70,096,200
$57,205,233
$99,370,098
9573744.78
$3557967
$9449260.23
$4376274
3733288
$73,528,272
$26,779,822
78,359,316
nan
$3068568
93,768,451
$19,843,116.89
$55,675,278.74
$71,206,574.52
nan
$62,089,453
$43,994,800
47,776,197.92
3577335
$1066931
$57,092,065
$1726667
$9149510.29
$72,166,487.8
960283.74
7955261.93
$62,026,964
$4710973
$26,117,629
$6,543,727.87
$2022958
12,616,958
60,943,341.73
nan
1257580.39
21,035,725
62,672,293
93,289,861
$2259724
$8941301
86,273,602.15
$20,572,527
9107370
63,980,949.1
55,555,512.38
$66,944,217
42,455,164
8001583.97
16,828,301.87
nan
$66,647,138
9962954
$53,017,722
$31,895,277.7
nan
$50,132,218
$9905003.45
$6063505
$93,759,362
$96,477,093
$207,077
5,597,605
1952765.28
nan
$10,250,300
$5020229.41
50,274,229.100
41,872,916
$8811284
61,815,821
$5473930
$63,778,464.19
90,428,152
$8876242
23,834,637
72,097,520.65
$66,635,916.77
27,194,605.46
12,704,434
24,770,801
$6111366
7411671
6436702.29
$20,976,746.83
17,784,450.33
$63,572,260.26
$72,875,879.82
6603543
$6904998
$19,562,422
$1592917.58
8598232
3071284.42
38,897,114
$15,048,504
6344126
47,316,803
$3914400
8838705.49
nan
25,817,117
$21,469,035
$2,490,961
37,725,423.61
$6909401
$68,611,921
$4,731,272.34
$82,666,304
$8742260
54,448,702
$23,705,526.68
$1514327.12
$7,385,484.53
37,329,660
6,189,858.20
$71,229,880.14
nan
81,034,514.94
$6296441.53
$8182053.53
$35,228,698
nan
6799000
590,638
$6659742
92,250,087.92
$343845.1
2323333.89
nan
$5,872,268
$7254679.23
nan
44,550,889
$79,935,423.34
8694272
15,021,737
$67,718,580
$1,100,516
$1059836
29,382,294
$62,187,342
92,258,602
$99,087,125.70
nan
81,461,675.71
45,736,257.84
$2821131
$16,569,418
68,847,931
$6,330,481.42
36,208,797
3192994
$36,730,296.56
38,468,760
14,829,989
nan
4213254
7719016
$1,636,297
57,224,911
$23,221,158
$61,007,297
401719.49
75,413,361.31
nan
3,531,679
8435098
96,957,257
615,625
$70,144,240
$63,790,611
71,063,246
$53,950,139.30
$8701488.90
$9861520
$2240040
43,804,879
$3315838
$2728811
$83,484,940
$71,565,073
3,536,421
50,106,709
$25,763,078
$7470983
$1356098
61,716,298
$8430303
$8094670.44
2858085.3
$1941754
743006
$19,523,456
26,629,764
$4753960
$66,713,848.30
$14,165,302.33
52,578,421.43
$40,139,157
17,058,300
$20,636,366
$92,795,776
$49,422,194
$50,929,174
68,097,020
10,277,220.84
$91,201,454
$43,128,162
$2647269
$45,101,128.77
$2,196,593
nan
$39,400,617.49
$5968378
$28,244,190
48,295,140
$42,342,349.97
7789382
$56,967,420
$94,689,800
972,511
6762418.71
5458072.81
$38,744,190
$5411436
9469957
12,290,740
$5,074,615
55,149,100
$3308372
1773847.28
$44,315,626
$2,894,846
nan
8020206
nan
99,950,070.55
$2982430
79,037,628.51
$76,514,560
$13,098,845.3
$94,012,600
$36,441,950.59
$86,476,442.46
$6059740
12,326,052.61
$29,839,969
9683898
2581042
$5571811
nan
9880559.52
$6283139
$28,051,419.28
8311799
$35,637,364.30
5868790
nan
nan
66,044,228.29
9281675
$8816304
$15,209,218
41,204,198
$7962059.18
$58,161,048
$37,191,409.31
38,425,362
47,166,458
$85,914,536.35
$6993407
$83,624,371
nan
$76,831,813
nan
34,046,058.26
$52,253,302.91
$9,359,395.89
nan
$47,197,534
$63,594,213.7
nan
$68,404,289
$39,387,462
$42,734,168
66,000,021
70,582,947.98
$55,089,878.1
$4044613
$1277141
$18,874,608
88,209,052.59
10,936,878
53,565,843
5298949
76,289,229.67
nan
nan
57,617,933
99,638,730
$8714583
$58,801,081.65
$30,188,590.4
65,899,157
$92,308,376.12
$32,636,955
$5400215
54,117,200
4789648.19
$4086182
9247561.20
$23,559,169
$64,580,479.36
$58,674,842.71
$6693775.71
$927,578
37,762,359
$7228840.27
$3473241.47
7284844
20,599,548.17
$919827.54
81,421,791
1143320
$28,708,924
nan
$87,202,193
$28,574,719
34,630,412
$1916837.55
$31,195,605.39
$4964516
49,828,610.86
$3714516.88
41,083,643.32
$19,171,354
67,304,464
$98,732,829.53
$94,044,274
$6563083
$55,055,142
4650709.8
45,479,581
36,468,536.77
$16,902,032
$72,514,025.69
nan
$9700957
1135024.49
72,629,840.61
$64,398,160
47,152,289
5,880,213
$6,985,585.28
$45,401,832
nan
$9612158
67,065,508
$99,960,121
$75,953,509
$88,717,367
$91,499,488.9
$93,590,358
$89,897,097
nan
5406688
$3,810,669.21
$91,714,498
$65,216,870.64
$6,359,438
$7965870
6352624
7881172
$8288699
$3536056.94
$12,868,068
$42,559,293.37
$8108145
452931
8248159
2864640
$7353295
7116506
$68,871,389
nan
$22,085,929
$3,960,462
$95,234,617.81
nan
$4952658
$74,976,730
nan
30,498,565.57
18,022,137.90
nan
2,191,344
$255293
$29,807,419.98
56,437,009
94,285,196
$14,567,051.67
21,256,409
$13,468,871
$15,823,954
$51,826,207
$71,677,711
$16,768,652.1
$87,091,703
$3871171
62,708,706.57
8694785
$9023164
$76,225,123
$7408402
$7864915
$1,528,124
$3059904.26
$4513546
523193
$58,069,166.59
$5510381
30,218,748.31
1253700
$67,065,998.61
$21,981,222
94,018,055
53,433,112
4208959.89
48,119,814
41,229,362
$95,346,680
52,300,521
$77,350,354
$30,561,815
6168325
77,478,488.94
nan
$1601749
73,279,000
96,644,618
$79,429,330
7412323.75
$15,862,191
38,846,126.89
$9649119.13
46,537,533.4
$4919369.72
65,884,257
$20,721,630.1
$91,653,889.4
$7604271.31
50,472,699
$32,890,135
nan
$17,222,508
$81,133,817.75
$8739837
$68,230,228
$10,800,492
$83,489,663.49
16,152,825
$68,052,137
$76,320,807.7
$7122194
$415221
$66,173,315
42,670,914.98
$8277640.15
$49,900,418
$29,676,804
$5770901
$1515311
$4,447,020
59,925,470
$66,505,511
$80,838,198
$3150008
8,716,012
6530050
$58,085,899.70
30,659,057.91
18,901,836
$96,892,438.92
$3118984.95
40,356,877
59,896,102
1,888,741
24,452,111
$86,328,771
$99,206,294.84
$31,986,478
20,723,910
$44,720,176
$4732350
26,924,957
$65,898,689
$5,475,238.11
nan
$27,220,577
63,179,228
$5,230,536
$66,835,425
$8,161,869
$5177885
$23,290,363
$91,207,107.33
$42,660,272
33,026,003.2
$2290739.83
$3496227
42,801,866.88
97,145,204.31
$88,063,295.40
$9,298,722
92,395,704.93
34,242,285
12,604,496
68,904,592
7055956.54
nan
$76,369,345
$97,640,011
6,834,442
$64,058,505
$84,413,391.1
4745955.15
33,969,724
nan
$4329058.92
$7296232
$4639785
78,354,278
4,623,376.51
76,679,486
$59,782,368
nan
$71,343,588.89
$7818827
60,331,014.86
7479937.5
$2,747,545
88,730,988
nan
3189184
nan
$4214043
$75,626,922
$7694118
$9,585,499
28,802,377.49
$49,749,500.5
2186814
nan
$232714
$95,002,389
$1177110
6,840,140
$35,057,615.1
nan
nan
$78,853,073
$25,155,367
$93,031,809.18
$6957312
$84,013,831
$26,772,139
$63,002,225
97,195,189
