690
nan
65
952
240
700
663
709
711
750
965
444
323
538
817
nan
668
162
972
nan
35
260
10
188
619
637
65
314
628
780
256
526
603
29
960
28
535
657
548
471
723
429
380
253
98
98
977
138
936
850
920
593
485
nan
176
587
683
903
379
94
nan
816
850
436
nan
nan
142
976
845
304
64
260
546
905
681
387
766
221
447
422
969
599
839
179
308
400
nan
302
62
392
136
nan
160
508
377
201
881
868
16
562
465
nan
375
717
371
nan
6
709
nan
221
661
671
189
nan
252
930
900
254
811
386
984
544
806
756
915
922
459
270
557
777
525
825
262
68
36
291
190
8
411
687
434
215
915
997
846
781
564
290
818
24
518
287
8
168
nan
325
959
147
116
134
986
688
248
811
466
874
722
6
nan
668
nan
nan
709
696
543
nan
403
729
951
nan
296
629
935
209
33
403
372
676
nan
465
957
924
nan
526
281
446
105
176
196
688
627
836
209
709
184
925
616
823
676
nan
464
565
474
73
860
461
934
597
624
681
410
303
8
424
648
20
778
910
17
83
818
976
190
967
829
545
672
621
965
823
771
nan
825
801
nan
53
295
397
811
133
479
556
751
105
412
nan
277
173
286
572
751
559
302
590
nan
497
565
182
730
890
311
nan
826
414
841
7
951
562
285
718
520
617
761
960
400
852
414
536
783
813
23
388
157
658
702
nan
nan
708
350
786
240
nan
710
873
889
720
188
nan
881
946
490
204
518
257
766
310
270
nan
148
78
128
570
359
402
247
264
572
431
782
753
694
nan
179
nan
109
155
108
160
nan
nan
58
51
689
nan
689
147
299
744
833
492
nan
379
611
489
753
nan
12
697
891
311
299
615
925
900
327
940
994
693
nan
175
141
nan
128
541
296
608
200
592
996
132
842
73
65
396
715
290
nan
712
104
528
359
359
950
262
22
190
806
900
903
898
701
366
611
603
627
562
308
307
38
216
nan
547
84
27
318
541
89
317
591
651
650
nan
53
119
541
92
847
187
33
704
478
739
842
263
470
142
219
24
341
691
642
139
972
230
364
244
356
255
954
983
637
760
141
108
660
814
634
nan
295
452
685
2
825
456
94
435
444
95
103
854
627
34
7
331
920
734
262
398
nan
707
860
399
813
575
816
736
802
842
674
221
nan
902
765
336
726
821
80
451
956
169
91
423
759
239
229
642
588
224
977
743
702
128
872
818
184
774
361
335
430
867
959
722
386
703
945
754
nan
846
120
563
645
569
642
334
840
491
nan
244
769
469
713
987
745
nan
938
260
669
678
16
548
645
418
654
963
481
457
748
534
533
745
434
236
606
784
280
428
594
277
706
626
78
847
313
310
996
nan
264
499
107
491
550
563
308
545
440
922
856
850
192
nan
881
nan
989
215
919
137
114
281
295
437
949
452
276
842
984
834
911
501
832
296
99
nan
507
779
856
508
630
745
596
272
nan
754
nan
637
nan
467
231
180
106
42
521
nan
160
63
155
nan
137
613
458
nan
nan
733
90
945
989
nan
641
nan
180
640
246
692
722
12
675
273
nan
77
nan
915
nan
731
497
765
889
282
838
673
nan
256
13
72
736
nan
24
nan
518
303
nan
260
359
273
375
745
nan
768
540
620
433
732
832
770
416
735
147
84
352
504
763
nan
352
675
279
889
847
513
466
566
711
566
1000
781
904
963
195
333
607
nan
678
261
931
528
792
755
nan
387
728
499
234
49
314
427
347
772
935
417
nan
535
52
363
983
893
931
487
378
112
277
238
581
963
378
957
454
602
nan
396
nan
402
394
972
865
980
254
946
644
300
387
538
771
864
nan
856
480
767
171
282
285
354
867
747
270
784
781
975
718
794
nan
242
692
192
691
565
311
64
239
728
872
449
124
843
475
581
nan
919
631
373
851
622
732
nan
nan
226
868
74
533
767
nan
695
13
508
61
177
53
59
202
151
334
75
45
423
469
297
22
36
601
22
826
240
97
892
897
28
359
nan
172
790
184
679
453
275
576
576
157
298
27
641
283
433
639
626
152
770
349
nan
565
517
nan
254
986
243
183
nan
827
250
499
996
631
892
410
963
548
859
455
nan
976
780
652
753
356
536
448
682
929
489
512
62
551
703
408
296
186
141
nan
663
189
76
1
314
nan
756
455
nan
579
147
239
164
414
666
668
620
949
79
972
524
97
299
58
151
149
937
905
270
nan
660
211
75
190
122
303
89
314
617
730
nan
589
223
388
1
117
624
18
372
555
nan
788
729
440
245
773
297
833
102
37
nan
237
498
nan
46
621
578
245
609
218
756
853
434
nan
188
947
771
463
524
73
190
823
865
559
771
564
671
340
638
306
750
991
195
222
91
99
147
